19.01
19.01
19.01
19.01
19.02
19.02
19.02
19.02
19.03
19.04
19.04
19.04
19.05
19.05
19.06
19.07
19.07
19.08
19.08
19.09
19.09
19.09
19.1
19.1
19.11
19.11
19.11
19.11
19.12
19.12
19.12
19.12
19.12
19.13
19.13
19.14
19.14
19.15
19.15
19.15
19.15
19.16
19.16
19.16
19.17
19.18
19.18
19.19
19.2
19.2
19.2
19.2
19.21
19.21
19.22
19.23
19.25
19.25
19.25
19.25
19.26
19.27
19.27
19.27
19.28
19.28
19.28
19.29
19.29
19.29
19.29
19.29
19.29
19.29
19.3
19.3
19.31
19.31
19.31
19.32
19.32
19.32
19.33
19.33
19.34
19.34
19.36
19.36
19.37
19.38
19.39
19.39
19.4
19.4
19.4
19.4
19.41
19.41
19.42
19.42
19.42
19.43
19.43
19.44
19.44
19.45
19.45
19.46
19.49
19.5
19.5
19.5
19.5
19.5
19.52
19.52
19.52
19.52
19.53
19.53
19.54
19.54
19.54
19.55
19.55
19.55
19.55
19.56
19.56
19.57
19.57
19.58
19.59
19.59
19.6
19.6
19.6
19.6
19.61
19.61
19.61
19.61
19.62
19.63
19.64
19.64
19.64
19.64
19.64
19.65
19.66
19.66
19.66
19.67
19.67
19.67
19.67
19.68
19.68
19.68
19.69
19.69
19.7
19.7
19.71
19.71
19.71
19.71
19.71
19.71
19.71
19.72
19.73
19.73
19.73
19.73
19.74
19.75
19.75
19.75
19.76
19.76
19.77
19.78
19.78
19.78
19.79
19.79
19.79
19.8
19.8
19.8
19.8
19.81
19.81
19.81
19.81
19.81
19.82
19.82
19.82
19.84
19.84
19.84
19.85
19.85
19.85
19.86
19.86
19.86
19.87
19.88
19.88
19.89
19.89
19.89
19.89
19.9
19.9
19.9
19.9
19.9
19.9
19.91
19.91
19.91
19.91
19.91
19.92
19.92
19.92
19.92
19.93
19.93
19.93
19.94
19.95
19.95
19.96
19.96
19.96
19.96
19.97
19.97
19.97
19.97
19.98
19.98
19.98
19.99
19.99
19.99
20.0
20.0
20.0
20.0
20.0
20.0
20.01
20.01
20.02
20.02
20.03
20.03
20.03
20.03
20.04
20.04
20.04
20.05
20.05
20.05
20.06
20.06
20.06
20.08
20.09
20.09
20.09
20.09
20.09
20.09
20.1
20.11
20.11
20.12
20.12
20.12
20.12
20.13
20.13
20.13
20.13
20.14
20.15
20.15
20.15
20.15
20.16
20.16
20.16
20.17
20.18
20.18
20.18
20.19
20.19
20.19
20.19
20.2
20.2
20.21
20.21
20.21
20.21
20.21
20.22
20.23
20.24
20.24
20.24
20.26
20.26
20.27
20.28
20.28
20.29
20.29
20.3
20.31
20.31
20.32
20.32
20.32
20.32
20.32
20.33
20.33
20.34
20.34
20.34
20.34
20.35
20.35
20.36
20.37
20.38
20.38
20.38
20.38
20.39
20.4
20.4
20.4
20.41
20.41
20.41
20.42
20.42
20.42
20.43
20.45
20.45
20.45
20.45
20.46
20.46
20.46
20.47
20.47
20.47
20.48
20.48
20.48
20.48
20.49
20.49
20.5
20.5
20.51
20.51
20.51
20.52
20.52
20.52
20.52
20.53
20.53
20.54
20.54
20.54
20.55
20.55
20.56
20.56
20.56
20.57
20.58
20.58
20.58
20.58
20.58
20.58
20.59
20.59
20.59
20.6
20.6
20.6
20.6
20.61
20.61
20.62
20.62
20.63
20.63
20.63
20.63
20.64
20.64
20.64
20.65
20.66
20.66
20.66
20.66
20.69
20.69
20.69
20.7
20.7
20.71
20.71
20.73
20.73
20.74
20.74
20.74
20.76
20.76
20.78
20.78
20.78
20.78
20.79
20.79
20.79
20.8
20.8
20.81
20.81
20.81
20.82
20.82
20.82
20.82
20.82
20.83
20.83
20.83
20.83
20.83
20.83
20.84
20.84
20.84
20.85
20.85
20.85
20.86
20.86
20.87
20.87
20.87
20.88
20.88
20.88
20.89
20.89
20.89
20.89
20.9
20.91
20.91
20.91
20.92
20.92
20.92
20.92
20.92
20.93
20.93
20.93
20.93
20.93
20.93
20.94
20.95
20.95
20.95
20.95
20.95
20.97
20.98
20.99
20.99
21.0
21.01
21.01
21.01
21.01
21.01
21.02
21.02
21.03
21.03
21.03
21.03
21.03
21.05
21.05
21.05
21.06
21.06
21.07
21.07
21.07
21.08
21.08
21.08
21.09
21.09
21.1
21.1
21.1
21.1
21.11
21.11
21.12
21.12
21.12
21.12
21.12
21.13
21.13
21.13
21.14
21.14
21.14
21.15
21.15
21.15
21.15
21.15
21.16
21.17
21.17
21.17
21.17
21.18
21.18
21.19
21.19
21.21
21.21
21.21
21.22
21.22
21.22
21.23
21.23
21.24
21.24
21.25
21.25
21.25
21.26
21.27
21.28
21.29
21.29
21.29
21.29
21.3
21.3
21.3
21.3
21.3
21.31
21.32
21.32
21.32
21.32
21.33
21.33
21.34
21.34
21.34
21.34
21.36
21.36
21.36
21.36
21.37
21.37
21.37
21.37
21.38
21.38
21.39
21.39
21.4
21.4
21.41
21.42
21.42
21.43
21.43
21.43
21.43
21.43
21.43
21.43
21.43
21.44
21.44
21.45
21.45
21.46
21.47
21.47
21.47
21.47
21.47
21.48
21.49
21.49
21.5
21.51
21.51
21.51
21.52
21.52
21.52
21.52
21.53
21.53
21.54
21.54
21.54
21.54
21.55
21.55
21.56
21.56
21.57
21.57
21.58
21.58
21.58
21.58
21.59
21.6
21.6
21.61
21.61
21.64
21.64
21.65
21.65
21.65
21.65
21.65
21.66
21.66
21.66
21.66
21.67
21.67
21.67
21.67
21.67
21.67
21.68
21.68
21.68
21.69
21.7
21.7
21.7
21.71
21.72
21.72
21.74
21.75
21.75
21.75
21.76
21.77
21.77
21.78
21.79
21.79
21.8
21.8
21.8
21.81
21.81
21.82
21.82
21.82
21.83
21.83
21.83
21.83
21.83
21.84
21.85
21.85
21.85
21.85
21.85
21.86
21.86
21.86
21.88
21.88
21.89
21.89
21.89
21.89
21.89
21.9
21.91
21.92
21.92
21.92
21.93
21.94
21.95
21.96
21.97
21.97
21.97
21.98
21.99
22.0
22.0
22.01
22.02
22.02
22.02
22.02
22.02
22.02
22.03
22.04
22.04
22.05
22.05
22.05
22.06
22.06
22.06
22.07
22.07
22.07
22.08
22.08
22.08
22.08
22.08
22.08
22.09
22.09
22.1
22.11
22.12
22.12
22.12
22.13
22.14
22.14
22.14
22.15
22.15
22.16
22.17
22.17
22.17
22.17
22.18
22.19
22.19
22.19
22.2
22.2
22.21
22.21
22.21
22.21
22.22
22.23
22.23
22.23
22.24
22.24
22.24
22.24
22.24
22.25
22.25
22.26
22.26
22.26
22.27
22.28
22.28
22.28
22.28
22.29
22.3
22.3
22.31
22.31
22.32
22.32
22.32
22.32
22.32
22.33
22.33
22.33
22.33
22.34
22.34
22.34
22.34
22.35
22.36
22.36
22.36
22.37
22.37
22.38
22.39
22.39
22.39
22.39
22.39
22.41
22.41
22.41
22.41
22.41
22.41
22.42
22.42
22.42
22.42
22.43
22.43
22.43
22.44
22.44
22.44
22.44
22.45
22.45
22.45
22.46
22.47
22.48
22.48
22.5
22.51
22.53
22.53
22.53
22.54
22.54
22.55
22.55
22.56
22.56
22.56
22.56
22.56
22.57
22.57
22.57
22.57
22.57
22.57
22.57
22.57
22.58
22.59
22.59
22.59
22.6
22.61
22.61
22.61
22.61
22.63
22.64
22.64
22.64
22.64
22.64
22.65
22.66
22.66
22.66
22.66
22.67
22.67
22.68
22.68
22.68
22.68
22.69
22.69
22.69
22.69
22.7
22.71
22.71
22.72
22.72
22.72
22.73
22.73
22.73
22.73
22.73
22.74
22.75
22.75
22.75
22.76
22.76
22.76
22.76
22.76
22.77
22.77
22.77
22.78
22.78
22.79
22.81
22.81
22.81
22.81
22.81
22.82
22.82
22.82
22.83
22.84
22.84
22.84
22.85
22.86
22.87
22.87
22.87
22.87
22.87
22.87
22.88
22.88
22.89
22.9
22.9
22.9
22.91
22.91
22.92
22.92
22.93
22.93
22.93
22.94
22.94
22.95
22.96
22.96
22.96
22.96
22.97
22.98
22.99
22.99
22.99
22.99
22.99
23.0